假设 h = key.hashCode 计算出的结果是
1111 1111 1111 1111 1111 0000 1110 1010 // 调用hashCode计算出的结果
h >>> 16
0000 0000 0000 0000 1111 1111 1111 1111 // h右移16位的结果


1111 1111 1111 1111 1111 0000 1110 1010
0000 0000 0000 0000 1111 1111 1111 1111
1111 1111 1111 1111 0000 1111 0001 0101 // 计算hash

(length - 1) & hash
假设length 16, length-1  15
0000 0000 0000 0000 0000 0000 0000 1111 // 15
1111 1111 1111 1111 0000 1111 0001 0101
0000 0000 0000 0000 0000 0000 0000 0101 // 计算下标结果是 5


假设不进行16位右移操作
0000 0000 0000 0000 0000 0000 0000 1111 // 15
1111 1111 1111 1111 1111 0000 1110 1010
0000 0000 0000 0000 0000 0000 0000 1010 // 10

0000 0000 0000 0000 0000 0000 0000 1111 // 15
1010 0110 0011 1111 1111 0000 1110 1010
0000 0000 0000 0000 0000 0000 0000 1010 // 10
容易出现hash碰撞