n:16  --->   n-1=15
0000 0000 0000 0000 0000 0000 0001 0000  n:16
0000 0000 0000 0000 0000 0000 0000 1111  n-1=15
1111 1111 1111 1111 1111 1111 0000 0101  key1
1111 1111 1111 1111 1111 1111 0001 0101  key2
=========================================
0000 0000 0000 0000 0000 0000 0000 0101  key1下标 --- 5
0000 0000 0000 0000 0000 0000 0000 0101  key2下标 --- 5

扩容 ===> 32
n:32  --->   n-1=31
0000 0000 0000 0000 0000 0000 0010 0000  n:32
0000 0000 0000 0000 0000 0000 0001 1111  n-1=31
1111 1111 1111 1111 1111 1111 0000 0101  key1
1111 1111 1111 1111 1111 1111 0001 0101  key2
=========================================
0000 0000 0000 0000 0000 0000 0000 0101  key1新下标 -- 5
0000 0000 0000 0000 0000 0000 0001 0101  key2新下标 -- 5+16=21